#' Example list of palettes
#'
#' Use \code{\link{img2hex}} to construct palettes of desired length.
#'
#' @export

exp_palettes <- list(
  spring = c("#072205", "#0A4E07", "#0D7008", "#2A6915", "#418D19", "#6DAA2B", "#B1D354", "#F1F7CD"),
  summer = c("#0BCBF9", "#1CABD9", "#5ED8F7", "#AAC7CE", "#B9DBE2", "#C7C3AA", "#D7B64F", "#E8EDF3"),
  autumn = c("#2D1303", "#613605", "#90530A", "#BA7E19", "#CD5605", "#EC7B15", "#F0AB29", "#FAE346"),
  winter = c("#374B78", "#3A77C5", "#5799DE", "#6D7DA2", "#7BB8EB", "#9AA1BA", "#C0C5D6", "#E3E5ED"),
  amazon = c("#101611", "#1D3726", "#325D48", "#617E8D", "#92140F", "#CDD6CF", "#E1B91A", "#E81B12"),
  florence1 = c("#382524", "#5B6C77", "#705347", "#80A2B9", "#957B71", "#BB6C52", "#BEA195", "#E7D3C7"),
  florence2 = c("#221A27", "#322748", "#35336D", "#404688", "#6F4249", "#716891", "#AC645B", "#E78B69"),
  mongolia = c("#013779", "#035D9D", "#242D32", "#6E5D4D", "#748AA3", "#A68F5E", "#D4BB81", "#F0DCAF"),
  newyork1 = c("#09100F", "#243229", "#3C4754", "#5E6A7B", "#665E32", "#8C949B", "#CD9B64", "#E2D7C0"),
  newyork2 = c("#18AADE", "#231C22", "#50464A", "#7E7679", "#97AFBD", "#B9322B", "#D4D5D4", "#D99F60"),
  santorini1 = c("#0183F2", "#025BE7", "#033FCF", "#0BAAF4", "#0F2563", "#826054", "#BAAEA9", "#E3E3E2"),
  santorini2 = c("#17121B", "#282B55", "#2A5999", "#33A1CC", "#764757", "#848491", "#C6C3B6", "#E68A64"),
  seoul1 = c("#2A1B19", "#3F4C4A", "#71776E", "#80421D", "#9F9D96", "#BE9151", "#C7C4C0", "#E8E6E3"),
  seoul2 = c("#060407", "#08223E", "#105880", "#110E17", "#20A9C7", "#410E2F", "#663763", "#CBE2DE")
  )

